validity:  2008/05/27 04:00:00.020183000 2008/05/27  20:51:00.415518001
rotationAngleZX:   30
rotationX0:        0
rotationZ0:       -11.64
detectorPostionX:  0
detectorPostionY:  0
detectorPostionZ:  150.00
