validity:  2006/05/25  22:40:21.052109000 2006/05/26  21:58:08.968330001
rotationAngleZX:   30
rotationX0:        0
rotationZ0:       -11.64
detectorPostionX:  0
detectorPostionY:  0
detectorPostionZ:  81.10
