validity:  2006/05/22 18:21:15.020183000 2006/05/25  04:29:09.415518001
rotationAngleZX:   0
rotationX0:        0
rotationZ0:       -11.64
detectorPostionX:  -0.1
detectorPostionY:  -6.4
detectorPostionZ:  81.10
