validity:  2007/12/01 00:00:00.020183000 2007/12/31  23:59:09.415518001
rotationAngleZX:   0
rotationX0:        0
rotationZ0:       -11.64
detectorPostionX:   39.72
detectorPostionY:  -24.41
detectorPostionZ:  81.10
