validity:  2006/05/27  22:30:27.142751000 2006/05/29  14:06:10.437582001
rotationAngleZX:   10
rotationX0:        0
rotationZ0:       -11.64
detectorPostionX:  -0.1
detectorPostionY:  -6.4
detectorPostionZ:  81.10
