validity:  2011/04/01 00:00:00.020183000 2008/07/31  23:59:09.415518001
rotationAngleZX:   0
rotationX0:        0
rotationZ0:       -11.64
detectorPostionX:  0
detectorPostionY:  0
detectorPostionZ:  150.00
