validity:  2006/05/29  14:16:39.813150000 2006/05/31  18:55:03.927547001
rotationAngleZX:   0
rotationX0:        0
rotationZ0:       -11.64
detectorPostionX:  -0.1
detectorPostionY:  -6.4
detectorPostionZ:  81.10
