validity:  2006/05/26  22:11:22.131617000 2006/05/27  22:21:43.030737001
rotationAngleZX:   20
rotationX0:        0
rotationZ0:       -11.64
detectorPostionX:  0
detectorPostionY:  0
detectorPostionZ:  811.00
