validity:  2006/05/22 18:21:15.020183000 2006/05/25  04:29:09.415518001
rotationAngleZX:   0
rotationX0:        0
rotationZ0:       -11.64
detectorPostionX:  -40.28
detectorPostionY:  -24.41
detectorPostionZ:  81.10
