validity:  2008/07/25 10:00:00.020183000 2008/07/26  17:05:00.415518001
rotationAngleZX:   30
rotationX0:        0
rotationZ0:       -11.64
detectorPostionX:  0
detectorPostionY:  0
detectorPostionZ:  150.00
