validity:  2008/05/26 19:55:00.020183000 2008/05/27  01:51:59.415518001
rotationAngleZX:   10
rotationX0:        0
rotationZ0:       -11.64
detectorPostionX:  0
detectorPostionY:  0
detectorPostionZ:  150.00
