validity:  2006/05/25  04:29:15.958284000 2006/05/25  22:14:54.065384001
rotationAngleZX:   45
rotationX0:        0
rotationZ0:       -11.64
detectorPostionX:  0
detectorPostionY:  0
detectorPostionZ:  81.10
